tc = 1.470019e-05
power = 3.413053e+02
vos25 = -2.70530e-03
