vout_low = 2.491609e-01
vout_high = 9.427951e-01
output_swing = 6.936342e-01
