cm_gain = -4.14592e+01
cmrr = 4.145920e+01
dcpsrp = -3.88690e+01
dcpsrn = -4.72769e+01
dcgain_ = 4.271335e+01
